280: 0 174 1 5 10 51 11 40 2 61 17 18 15 56 46 48 3 62 12 20 8 67 30 31 23 134 50 58 29 135 69 70 6 256 24 26 16 81 36 53 13 147 43 44 63 98 83 85 27 191 49 60 28 136 52 68 38 173 66 75 42 141 59 79 4 261 21 22 7 73 25 32 41 142 64 77 80 144 93 94 19 177 54 55 91 132 110 111 33 155 71 72 92 138 115 118 65 265 86 87 124 183 163 170 112 224 149 166 114 218 127 168 96 244 117 119 131 195 152 176 130 233 164 172 198 236 216 226 9 266 35 37 34 95 57 76 14 154 39 47 90 128 105 108 45 145 78 82 113 182 137 167 97 221 120 121 165 197 200 201 74 267 88 89 106 185 123 156 126 222 150 171 190 231 210 215 99 255 116 125 162 206 181 192 140 237 161 178 228 239 232 238 84 262 100 101 153 179 184 187 107 234 157 158 109 214 129 159 102 289 133 139 175 208 186 202 253 277 258 259 268 270 271 272 103 300 143 146 122 212 160 169 188 287 203 207 189 242 209 211 104 292 148 151 180 213 194 204 205 288 227 235 240 251 250 252 193 298 217 223 196 243 219 225 199 299 220 230 229 241 248 249 275 329 283 290 302 312 310 316 
2: 245 494 
2: 246 497 
14: 247 481 254 257 260 264 263 269 273 278 274 276 293 314 
8: 279 403 291 294 284 322 307 309 
6: 280 399 285 296 313 323 
6: 281 478 286 297 308 324 
6: 282 337 295 304 326 327 
4: 301 373 306 311 
5: 303 405 318 319 330 
4: 305 383 315 320 
2: 317 378 
2: 321 380 
2: 325 379 
2: 328 331 
1: 332 
2: 333 347 
6: 334 336 340 341 339 346 
3: 335 348 345 
2: 338 355 
2: 342 371 
2: 343 360 
2: 344 361 
2: 349 352 
2: 350 468 
2: 351 357 
2: 353 354 
2: 356 366 
8: 358 365 363 364 376 404 395 406 
4: 359 411 374 375 
10: 362 457 377 384 367 412 385 386 368 416 
2: 369 418 
2: 370 470 
4: 372 462 393 396 
2: 381 427 
2: 382 431 
2: 387 437 
6: 388 426 392 408 394 421 
6: 389 444 391 414 425 433 
2: 390 440 
2: 397 449 
2: 398 448 
4: 400 434 415 419 
4: 401 445 407 420 
4: 402 443 417 423 
2: 409 451 
2: 410 446 
3: 413 442 424 
2: 422 463 
2: 428 452 
2: 429 438 
2: 430 450 
2: 432 435 
2: 436 441 
2: 439 447 
2: 453 454 
1: 455 
2: 456 460 
2: 458 459 
2: 461 479 
2: 464 466 
2: 465 477 
2: 467 469 
2: 471 472 
1: 473 
1: 474 
2: 475 487 
2: 476 492 
2: 480 493 
2: 482 484 
2: 483 485 
2: 486 496 
2: 488 490 
2: 489 495 
1: 491 
2: 498 499 
