462: 0 174 1 5 2 61 3 62 4 261 6 256 7 73 8 67 9 266 10 51 11 40 12 20 13 147 14 154 15 56 16 81 17 18 19 177 21 22 23 134 24 26 25 32 27 191 28 136 29 135 30 31 33 155 34 95 35 37 36 53 38 173 39 47 41 142 42 141 43 44 45 145 46 48 49 60 50 58 52 68 54 55 57 76 59 79 63 98 64 77 65 265 66 75 69 70 71 72 74 267 78 82 80 144 83 85 84 262 86 87 88 89 90 128 91 132 92 138 93 94 96 244 97 221 99 255 100 101 102 289 103 300 104 292 105 108 106 185 107 234 109 214 110 111 112 224 113 182 114 218 115 118 116 125 117 119 120 121 122 212 123 156 124 183 126 222 127 168 129 159 130 233 131 195 133 139 137 167 140 237 143 146 148 151 149 166 150 171 152 176 153 179 157 158 160 169 161 178 162 206 163 170 164 172 165 197 175 208 180 213 181 192 184 187 186 202 188 287 189 242 190 231 193 298 194 204 196 243 198 236 199 299 200 201 203 207 205 288 209 211 210 215 216 226 217 223 219 225 220 230 227 235 228 239 229 241 232 238 240 251 245 494 246 497 247 481 248 249 250 252 253 277 254 257 258 259 260 264 263 269 268 270 271 272 273 278 274 276 275 329 279 403 280 399 281 478 282 337 283 290 284 322 285 296 286 297 291 294 293 314 295 304 301 373 302 312 303 405 305 383 306 311 307 309 308 324 310 316 313 323 315 320 317 378 318 319 321 380 325 379 326 327 328 331 330 332 333 347 334 336 335 348 338 355 339 346 340 341 342 371 343 360 344 361 345 349 352 350 468 351 357 353 354 356 366 358 365 359 411 362 457 363 364 367 412 368 416 369 418 370 470 372 462 374 375 376 404 377 384 381 427 382 431 385 386 387 437 388 426 389 444 390 440 391 414 392 408 393 396 394 421 395 406 397 449 398 448 400 434 401 445 402 443 407 420 409 451 410 446 413 442 415 419 417 423 422 463 424 425 433 428 452 429 438 430 450 432 435 436 441 439 447 
2: 453 454 
1: 455 
2: 456 460 
2: 458 459 
2: 461 479 
2: 464 466 
2: 465 477 
2: 467 469 
2: 471 472 
1: 473 
1: 474 
2: 475 487 
2: 476 492 
2: 480 493 
2: 482 484 
2: 483 485 
2: 486 496 
2: 488 490 
2: 489 495 
1: 491 
2: 498 499 
