112: 0 1 2 3 4 5 7 8 9 10 11 12 15 16 20 21 22 24 25 26 34 35 37 38 40 41 42 45 46 48 49 50 51 52 53 54 55 56 57 58 59 60 61 62 63 64 65 66 67 68 69 70 71 72 73 75 76 77 78 79 80 81 82 83 84 85 86 87 88 89 90 91 92 93 94 95 96 98 99 128 138 140 141 143 144 145 146 149 166 198 236 237 239 244 249 250 251 252 253 255 260 261 262 263 264 265 266 267 269 272 280 481 
40: 6 74 247 248 254 256 257 258 259 268 270 271 273 274 275 276 277 278 281 282 326 328 329 331 334 337 365 372 459 460 461 462 465 478 479 480 482 484 487 494 
72: 33 100 101 102 103 104 105 106 108 114 115 116 117 118 119 120 121 124 125 126 131 148 151 162 174 184 185 186 187 188 189 194 196 199 201 202 203 205 206 207 216 217 218 219 220 222 223 225 226 227 230 235 238 242 243 279 285 286 287 288 289 291 292 296 297 299 300 301 373 403 425 456 
96: 13 14 17 18 19 23 27 28 29 30 31 32 36 39 43 44 47 97 107 109 110 111 112 113 122 123 127 129 130 132 133 134 135 136 137 139 142 147 150 152 153 154 155 156 157 158 159 160 161 163 164 165 167 168 169 170 171 172 173 175 176 177 178 179 180 181 182 183 190 191 192 193 195 197 200 204 208 209 210 211 212 213 214 215 221 224 228 229 231 232 233 234 240 241 298 399 
68: 283 284 290 294 295 302 303 304 305 312 313 318 319 322 325 374 375 376 377 379 382 383 384 385 386 387 388 389 390 391 392 393 395 396 397 398 400 401 402 404 405 406 408 413 414 426 427 430 431 432 433 434 435 436 437 438 441 442 443 444 445 446 447 448 449 450 458 475 
19: 245 246 327 330 332 476 483 485 486 488 490 491 492 493 495 496 497 498 499 
19: 293 306 307 308 309 310 311 314 315 316 317 320 321 323 324 378 380 381 429 
62: 333 335 336 338 339 340 341 342 343 344 346 347 348 349 350 351 352 353 354 355 356 357 358 359 360 361 362 363 364 366 367 368 369 370 371 394 409 410 411 412 415 416 418 419 420 421 422 439 440 451 457 463 464 466 467 468 469 470 471 472 477 489 
11: 407 417 423 424 428 452 453 454 455 473 474 
1: 345 
