 0 14 148 157 154 169 178 210 212 20 19 180 159 57 43 142 37 23 22 134 138 140 3 62 54 30 31 32 44 45 28 18 16 39 36 15 155 9 2 6 4 63 8 1 5 7 10 11 12 13 17 27 81 25 24 26 33 34 175 207 118 115 116 21 60 77 58 83 59 29 46 47 49 41 35 42 55 56 50 51 64 99 68 38 52 53 69 67 40 48 128 70 71 76 78 86 84 85 61 222 80 66 65 72 73 79 82 94 92 95 96 74 100 75 97 265 98 121 139 145 156 163 196 167 172 174 87 88 89 90 91 129 146 93 131 110 112 111 107 108 117 126 123 124 269 291 292 346 101 102 103 105 106 109 104 122 161 166 162 164 171 170 242 182 193 192 191 173 176 183 179 214 181 186 185 248 250 251 254 259 184 208 304 209 187 188 189 190 194 198 195 205 206 201 202 203 197 199 235 237 238 240 239 309 303 255 305 316 302 312 321 319 113 114 120 119 125 127 132 275 276 285 287 288 289 286 294 293 382
 130 160 135 133 137 136 165 151 153 177 143 158 168 141 144 147 150 149 152 200 231 204 220 252 264 211 216 246 247 213 215 225 241 249 217 243 219 223 230 224 228 236 226 227 218 221 229 232 234 233 314 315 268 281 282 278 283 284 279 244 245 280 270 266 273 274 271 272 253 257 256 261 297 277 258 260 317 416 498 267 300 307 308 311 306 313 394 401 403 301 330 339 320 322 329 296 417 420 442 450 451 425 402 406 318 390 419 335 336 262 344 343 351 290 295 298 299 354 365 352 353 345 263
 310 331 332 337 323 328 325 324 326 327
 333 334 338 397 340 341 342 396 393 391 392 405 399 400 448 395 398 444 455 446 404 443 413 414 410 376 379 357 366 369 355 372 373 383 387 363 350 364 370 371 356 368 348 389 380 375 358
 347
 349
 359 360 367 361 377 374 378
 362
 381 385 384 429 428 432 431 430 458 386 388 408 409 412 407 427 426 411 424 438 433 436 435 437 439 415 418 461 421 453 423 422
 434 440
 441
 445 469 456 457 468 480 464 447 449 452 454 462 460 459 463 467 466 465 474 473 477 496 495 478 479 476
 470 471
 472
 475 481 485 483 484 486 487 482 488 489 504 494 492 511 497 499 501 506 507 509 510 502 505 493 500 503
 490
 491
 508
 512 514 513 515 516
