 350 352 353 355 356 357 358 359 360 363 364 365 366 368 369 372 373 374 383 386 387 388 483 485 486 487 488 489 506
 292 295 298 299 346 351 354 370 371 375 376 379 380 381 382 384 389 408 409 423 425 428 429 430 431 436 450 452 458 459 460 465 473 474 475 476 477 478 479 482 484 494 495 496 499 501 504 511
 385 391 392 398 404 407 410 411 413 414 415 426 427 432 433 435 437 438 439 444 446 447 448 449 455 456 457 463 464 466 467 468 480 481
 0 1 2 3 4 5 6 7 8 9 10 11 12 13 14 15 16 17 18 19 20 21 22 23 24 25 26 27 28 29 30 31 32 33 34 35 36 37 38 39 40 41 42 43 44 45 46 47 48 49 50 51 52 53 54 55 56 57 58 59 60 61 62 63 64 65 66 67 68 69 70 71 72 73 74 75 76 77 78 79 80 81 82 83 84 85 86 87 88 89 90 91 92 93 94 95 96 97 98 99 100 103 104 105 106 107 108 109 110 111 112 113 114 115 116 117 118 119 120 121 122 123 124 125 126 127 128 129 130 131 132 133 134 135 136 137 138 139 140 141 142 143 144 145 146 147 148 149 150 151 152 153 154 155 156 157 158 159 160 161 162 163 164 165 166 167 168 169 170 171 172 173 174 175 176 177 178 179 180 181 182 183 184 185 186 187 188 189 190 191 192 193 194 195 196 197 198 199 200 201 202 203 204 205 206 207 208 209 210 211 212 213 214 215 216 217 218 219 220 221 222 223 224 225 226 227 228 229 230 231 232 233 234 235 236 237 238 239 240 241 242 243 244 245 246 247 248 249 250 251 252 253 254 255 257 258 259 260 261 264 265 266 267 268 269 270 271 272 273 274 275 276 277 278 279 280 281 282 283 284 285 286 287 288 289 290 291 293 294 296 297 303 304 305 306 309 314 315 316 317 416 498
 101 102 256 300 301 302 307 308 311 312 313 318 319 320 321 322 329 330 335 336 339 340 341 342 390 393 394 396 399 400 401 402 403 405 406 412 417 418 419 420 421 422 442 443 451 453 454 461 462 492
 262 263 343 344 345 347 348 349 493 497 500 502 503 505 507 509 510 512 513 514 515 516
 310 323 324 325 326 327 328 331 332 333 334 337 338 395 397
 361 367 377 378 424 434 440 445 469 491 508
 441 470 471 472 490
 362
