 0 14 18 19 148 20 124 157 212 169 178 40 48 210 50 61 53 51 59 158 168 113 22 23 24 37 56 65 70 71 76 78 13 21 60 58 77 69 129 159 110 215 180 154 176 209 2 6 3 62 7 4 63 11 16 57 43 211 216 246 247 153 80 1 175 139 34 156 75 284 87 33 167 115 174 30 136 32 134 135 15 155 96 161 36 38 165 88 89 90 91 172 140 28 192 31 133 198 44 45 182 193 191 232 125 184 183 170 138 130 160 42 143 128 142 131 234 111 112 225 123 213 179 214 181 171 114 177 98 67 164 17 82 25 27 81 108 235 315 132 196 194 147 199 240 166 144 238 145 237 150 241 242 222 268 39 54 86 83 8 74 100 280 271 272 278 10 283 72 73 265 273 266 9 68 47 52 79 12 41 46 146 66 282 281 162 26 85 137 229 173 101 102 308 311 103 296 420 390 417 105 309 306 187 256 302 318 109 185 203 304 313 303 300 307 116 119 118 127 117 126 120 255 189 104 317 188 190 107 186 217 243 227 195 205 206 208 218 224 106 391 392 492 448 407 399 400 393 396 421 394 401 402 403 312 321 319 121 122 219 230 251 239 316 207 223 305 262 511 497 510 504 343 344 292 346 500 502 503 505 507 512 506 389 479 475 476 478 493 509 499 291 350 364 363 366 369 356 355 372 387 373 357 358 380 381 483 487 488 484 486 489 352 365 353 354 383 359 388 298 495 299 473 477 494 419 460 459 496 412 423 461 458 465 425 450 442 451 418 462 295 285 370 371 428 432 385 433 379 474 436 384 429 375 382 430 408 431 409 404 454 405 443 452 447 453 274 258 257 197 231 149 152 228 236 163 249 254 95 151 84 279 35 64 99 55 92 29 94 248 233 93 49 245 498 141 201 202 226 204 244 416 259 97 261 277 270 5 252 250 200 286 221 267 260 287 288 289 269 314 297 275 276 294 253 264 220 293 301 339 335 336 330 310 331 332 334 337 340 395 397 398 444 341 406 322 329 422 410 413 414 415 466 446 455 464 463 467 290 501 351 320 449 342 376 482 325 480 411 438 427 439 424 437 426 468 435 361 377 378 367 386 485 323 328 338 324 326 327 333 445 469 456 457 345 348 513 515 514 516 360 481 263 374 368 434 440
 347
 349
 362
 441
 470 471
 472
 490
 491
 508
