  5 7 75 265 270 271 272 273 274 275 276 278 285 287 288 291 292 293 294 295 298 299 346 351 375 389 473 476 477 478 479 495 496 499 501 504
  2 4 6 8 9 10 11 12 17 26 35 38 41 46 47 50 51 52 53 56 58 59 63 64 65 66 67 68 69 70 71 72 73 74 76 77 79 82 83 93 99 267 268 277 279 280 281 282 283 284 286 289 290 498
  350 352 353 354 355 356 357 358 359 360 361 363 364 365 366 367 368 369 370 371 372 373 374 376 377 378 379 380 381 382 383 384 385 386 387 388 404 408 409 410 411 412 413 414 415 423 424 426 427 428 429 430 431 432 433 434 435 436 437 438 439 440 441 445 447 449 452 454 455 456 457 458 460 461 463 464 465 466 467 468 469 470 471 472 474 475 480 481 482 483 484 485 486 487 488 489 491 494
  25 27 33 81 95 114 115 118 120 121 122 123 126 127 150 152 163 184 206 208 209 214 217 219 221 223 230 248 249 250 251 252 253 254 259 261 416
  262 263 343 344 345 347 348 349 362 490 493 497 500 502 503 505 506 507 508 509 510 511 512 513 514 515 516
  300 301 307 310 312 319 321 322 323 324 325 326 327 328 329 330 331 332 333 334 335 336 337 338 339 340 341 342 391 392 393 394 395 396 397 398 399 400 401 402 403 405 406 407 418 419 421 422 443 444 446 448 453 462 492
  1 49 87 88 97 100 108 132 144 145 147 149 175 196 197 199 200 204 220 226 227 228 231 233 235 236 237 238 240 243 244 245 264 266 269 314
  101 102 103 104 105 106 109 116 117 119 125 185 186 187 188 189 190 195 201 202 203 205 207 218 224 239 255 256 257 258 260 296 302 303 304 305 306 308 309 311 313 316 317 318 320 390 417 420 425 442 450 451 459
  15 16 24 28 29 30 31 34 42 44 48 55 57 78 84 85 86 89 90 91 92 94 107 110 128 129 130 131 133 134 135 136 137 138 139 140 141 142 143 146 148 151 154 155 156 158 159 160 161 162 164 165 167 168 169 170 176 179 180 181 191 192 194 198 211 216 222 229 232 234 246 315
  0 3 13 14 18 19 20 21 22 23 32 36 37 39 40 43 45 54 60 61 62 80 96 98 111 112 113 124 153 157 166 171 172 173 174 177 178 182 183 193 210 212 213 215 225 241 242 247 297
